engine,project,bug,mutants_total,killed,survived
PIT,Jsoup,58,71,16,55
